1000001
1000004
1000006
1000013
1000015
1000018
1000024
1000025
1000037
100006
1000062
1000064
1000065
1000101
1000103
1000106
1000112
1000130
1000133
1000134
1000145
1000149
1000151
1000169
100017
1000183
1000192
1000196
1000202
1000211
1000212
1000215
1000218
1000219
1000224
1000225
100026
1000261
1000289
100029
100030
1000302
1000303
1000305
1000310
1000324
1000385
100039
1000390
100040
100043
100046
100050
100056
100060
100076
100086
100087
1000930
1000932
1000951
1000972
1000978
1000987
100101
100112
100113
100114
100118
100119
1001210
100125
100127
100135
100148
100152
100154
100167
100178
100205
100228
100236
100247
100302
100303
100309
100313
100315
100334
100347
100361
100368
100371
100392
100394
100420
100428
100433
100437
100438
100442
100453
100465
100470
100498
100499
100502
100522
100546
100548
100557
100558
100571
100589
100601
100606
100619
100625
100629
100634
100635
100662
100663
100665
100678
100687
100694
100700
100706
100711
100731
100732
100736
100753
100760
100763
100785
100794
100809
100814
100816
100823
100833
100837
100839
100842
100858
100865
100866
100871
100874
100896
100898
100899
100911
100928
100943
100947
100951
100955
100956
100960
100968
100984
100991
10100098
101017
101021
101024
101027
101035
101038
101050
101075
101096
101100
101102
101118
101125
101156
101158
101160
101162
101166
101168
101175
101177
101182
101188
101189
101195
101197
101200
101220
101239
101245
101254
101255
101270
101271
101276
101289
101292
101293
101295
101300
101301
101306
101311
101312
101332
101347
101352
101359
101388
101392
101400
101405
101406
101414
101426
101430
101436
101442
101443
101448
101466
101469
101473
101475
101477
101496
101497
101500
101507
101508
101516
101530
101545
101546
101555
101556
101567
101568
101573
101584
101590
101591
101595
101598
101600
101606
101607
101608
101613
101616
101619
101620
101623
101624
101627
101635
101642
101650
101669
101678
101701
101707
101716
101724
101727
101728
101733
101757
101779
101790
101797
101842
101863
101864
101878
101885
101888
101894
101901
101904
101905
101932
101950
101969
10200018
10200047
102008
102066
102092
102093
102110
102111
102112
102120
102122
102128
102130
102143
102145
102217
102218
102226
102234
102237
102246
102254
102260
102275
102278
102286
102289
102953
103548
103552
103558
103592
103615
103620
103628
103632
103672
103681
103682
103705
103769
103778
10401225
10401266
10402226
10402609
10402763
10402826
104170
104206
104220
104240
104244
104257
104277
10500340
10500382
10500484
10600604
10600608
10900193
10900195
11000019
1100066
1100149
1100164
1100166
1100168
1100197
1100365
1100565
1100910
11600136
11600138
11700956
11800438
11900045
11900251
1200010
12000113
1200012
1200013
1200019
1200028
1200032
1200044
1200064
1200066
1200087
1200095
1200103
1200109
1200114
1200122
1200124
1200135
1200144
1200145
1200154
1200185
1200203
1200224
1200292
1200301
1200303
1200314
1200316
1200320
1200331
1200332
1200338
1200368
1200387
1200388
1200408
1200446
1200448
1200458
1200462
1200470
1200472
1200475
1200477
1200480
1200481
1200483
1200497
1200509
1200514
1200522
1200526
1200532
1200536
1200537
1200538
1200539
1200548
1200562
1200566
1200577
1200605
1200745
1200756
1200757
1200761
1200764
1200768
1200769
1200770
1200774
1200777
1200778
1200779
1200780
1200781
1200784
1200801
1200848
1200919
1200957
1200983
1201023
1201044
1201046
1201054
1201069
1201070
1201071
1201093
1201113
1201122
1201145
1201160
1201182
1201185
1201193
1201226
1201257
1201263
1201274
1201290
1201291
1201298
1201309
1201317
1201322
1201326
1201340
1201353
1201361
1201363
1201370
1201384
1201385
1201392
1201396
1201413
1201417
1201418
1201424
1201432
1201434
1201435
1201444
1201454
1201455
1201473
1201510
1201519
1201521
1201528
1201532
1201535
1201566
1201570
1201574
1201577
1201579
1201581
1201591
1201592
1201593
1201602
1201609
1201613
1201625
1201636
1201639
1201640
1201648
1201650
1201656
1201658
1201666
1201667
1201679
1201710
1201724
1201761
1201764
1201773
1201777
1201817
1201824
1201833
1201836
1201838
1201839
1201844
1201846
1201847
1201849
1201854
1201864
1201865
1201881
1201882
1201883
1201886
1201893
1201906
1201907
1201915
1201917
1201921
1201924
1201934
1201939
1201946
1201970
1201981
1201988
1202003
1202006
1202007
1202008
1202021
1202022
1202034
1202042
1202043
1202045
1202049
1202065
1202066
1202067
1202068
1202074
1202082
1202084
1202091
1202094
1202096
1202100
1202126
1202128
1202133
1202146
1202153
1202166
1202167
1202183
1202184
1202193
1202197
1202198
1202201
1202204
1202205
1202209
1202212
1202258
1202260
1202261
1202281
1202286
1202296
1202317
1202329
1202335
1202341
1202367
1202375
1202377
1202381
1202385
1202389
1202394
1202415
1202418
1202430
1202439
1202448
1202465
1202481
1202494
1202495
1202502
1202508
1202509
1202529
1202534
1202535
1202536
1202537
1202560
1202561
1202563
1202585
1202604
1202627
1202637
1202654
1202664
1202665
1202698
1202699
1202719
1202742
1202745
1202747
1202751
1202765
1202770
1202774
1202775
1202777
1202782
1202798
1202799
1202825
1202836
1202837
1202838
1202839
1202844
1202845
1202854
1202855
1202872
1202914
1202915
1202931
1202950
1202956
1202958
1202968
1202982
1202994
1202997
1203000
1203009
1203019
1203032
1203040
1203042
1203065
1203091
1203135
1203138
1203142
1203153
1203154
1203162
1203167
1203170
1203173
1203184
1203191
1203193
1203196
1203199
1203201
1203204
1203209
1203210
1203211
1203215
1203218
1203225
1203226
1203232
1203250
1203256
1203257
1203276
1203280
1203291
1203298
1203300
1203304
1203311
1203320
1203328
1203337
1203338
1203344
1203348
1203350
1203356
1203357
1203358
1203361
1203364
1203367
1203377
1203378
1203385
1203389
1203400
1203402
1203403
1203404
1203408
1203417
1203429
1203430
1203440
1203444
1203453
1203467
1203469
1203481
1203487
1203492
1203512
1203521
1203528
1203531
1203539
1203545
1203562
1203564
1203577
1203579
1203585
1203595
1203612
1203620
1203624
1203628
1203629
1203644
1203650
1203652
1203659
1203661
1203663
1203682
1203683
1203697
1203713
1203725
1203750
1203772
1203788
1203792
1203794
1203801
1203806
1203817
1203822
1203824
1203834
1203839
1203846
1203853
1203862
1203868
1203888
1203890
1203919
1203928
1203930
1203938
1204002
1204007
1204034
1204035
1204052
1204057
1204063
1204090
1204099
1204120
1204132
1204134
1204140
1204203
1204212
1204219
1204226
1204249
1204257
1204264
1204281
1204295
1204302
1204350
1204351
1204354
1204355
1204356
1204357
1204359
1204384
1204393
1204404
1204422
1204425
1204446
1204459
1204461
1204485
1204514
1204527
1204556
1204558
1204559
1204571
1204589
1204644
1204646
1204667
1204680
1204698
1204703
1204708
1204730
1204747
1204751
1204760
1204764
1204785
1204802
1204885
1204900
1204907
1204928
1204944
1204956
1205007
1205008
1205010
1205024
1205028
1205035
1205038
1205071
1205097
1205129
1205133
1205154
1205182
1205190
1205191
1205202
1205212
1205223
1205225
1205236
1205251
1205277
1205278
1205287
1205296
1205302
1205316
1205326
1205329
1205346
1205366
1205372
1205377
1205384
1205416
1205431
1205451
1205476
1205479
1205484
1205547
1205568
1205602
1205658
1205665
1205703
1205731
1205764
1205770
1205785
1205814
1205840
1205842
1205852
1206350
1206353
1206358
1206363
1206369
1206375
1206376
1206465
1206548
1206564
1206633
1206702
1206706
1206722
1206729
1206739
1206760
1206800
1206804
1206814
1206866
1206887
1206905
1206929
1206947
1206984
1207004
1207012
1207021
1207093
1207104
1207112
1207201
1207226
1207318
1207348
1207414
1207415
1207423
1207425
1207445
1207514
1207516
1207644
1207763
1207773
1207784
1207792
1207794
1207805
1207809
1207810
1207815
1207834
1207835
1207838
1207849
1207877
1207919
1207940
1207947
1207975
1207987
1208003
1208005
1208013
1208019
1208021
1208025
1208116
1208218
1208299
1208332
1208366
1209770
